% variables to be loaded into the workspace
current = 0.1:0.1:0.7;
d_force = [206.38 303.20 371.95 418.33 448.02 466.67 480.06]